name,age
alice,12
bob,34
